293.15     
293.1522055772785     
293.2644956636743     
294.9599364701075     
299.1164266397308     
305.4241974073756     
312.60166995552964     
318.1023715681301     
323.36183898011706     
326.3928925251464     
329.26951654608996     
330.6682458559337     
331.95278777412636     
332.3999554868782     
332.84712319963006     
333.25635463689457     
333.38738672058525     
333.5184188042759     
333.6385304396855     
333.6785587877006     
333.71858713571567     
333.7559332159415     
333.7736093323803     
333.7912854488191     
333.8076260703361     
333.8141730624268     
333.82072005451744     
333.8267608262767     
333.8290893156062     
333.83141780493577     
333.8335510083736     
