       parameter            eig1            eig2            eig3            eig4            eig5            eig6 identifiability     sqrt(ident)
 r_p             7.1060347E-10   4.0935454E-03   0.9149029       2.1302427E-02   3.7467915E-02   1.0440548E-02   0.9882073       0.9940862    
 r_t             2.3378571E-06   1.3746838E-03   2.9815842E-02   5.7991223E-05   0.9396551       1.6251691E-02   0.9871577       0.9935581    
 r_d             8.3092168E-11   5.9890855E-11   1.7724341E-07   2.0061874E-11   4.7142550E-07   9.9888532E-06   1.0637685E-05   3.2615464E-03
 dp              7.4833454E-09   9.8803342E-05   1.8950611E-02   2.8988254E-04   8.7132800E-03   0.9123936       0.9404462       0.9697661    
 dt              5.5320094E-09   7.8734092E-06   2.0254311E-04   6.5232013E-07   1.1064803E-02   3.9460228E-02   5.0736105E-02   0.2252468    
 dd              1.9359672E-08   3.7016076E-06   2.6397899E-05   3.7099484E-07   1.2736547E-04   3.3177846E-04   4.8963379E-04   2.2127670E-02
 acp             0.4993293       6.6621787E-08   2.7490364E-08   1.6731340E-08   2.1497977E-06   1.1902684E-07   0.4993316       0.7066340    
 aclp            2.4587729E-08   5.1970859E-04   2.2055288E-02   0.9770913       3.2842491E-04   3.7503345E-06   0.9999985       0.9999992    
 acs             0.5006682       6.7335914E-08   4.1119906E-08   8.1430335E-09   4.2371932E-07   4.0840022E-08   0.5006688       0.7075796    
 acls            9.8410155E-08   0.9938312       4.4436094E-03   1.0588159E-03   6.5872935E-04   5.5584530E-06   0.9999980       0.9999990    
 x0              3.8323622E-09   7.0274807E-05   9.5956955E-03   1.9838866E-04   1.9632325E-03   2.1096240E-02   3.2923835E-02   0.1814493    
 kmp             4.5828973E-12   2.1747637E-08   6.3679135E-06   1.5823922E-07   1.2939206E-06   5.3706271E-06   1.3212453E-05   3.6348938E-03
 kmt             4.1139495E-11   2.6058723E-08   5.2892038E-07   1.0357788E-09   1.6788782E-05   1.0474279E-06   1.8392265E-05   4.2886205E-03
 kmd             3.7861901E-15   2.2285292E-15   7.8921973E-12   2.7302467E-16   1.8337996E-11   3.8236184E-10   4.0859832E-10   2.0213815E-05
