  double point
           r_p    8.3706682420000000E-02     1.000000         0.000000    
           r_t    5.8057290820000000E-02     1.000000         0.000000    
           r_d    9.9941594999999984E-04     1.000000         0.000000    
            dp    7.9926218000000000E-10     1.000000         0.000000    
            dt    7.2967382000000000E-10     1.000000         0.000000    
            dd    5.0561259000000000E-10     1.000000         0.000000    
           acp     1.010711641600000         1.000000         0.000000    
          aclp     1.003482551600000         1.000000         0.000000    
           acs     1.009985931500000         1.000000         0.000000    
          acls     1.001295491300000         1.000000         0.000000    
            x0     3.247261797200000         1.000000         0.000000    
           kmp     49.99714206900000         1.000000         0.000000    
           kmt     49.98790580000000         1.000000         0.000000    
           kmd     50.00000231900000         1.000000         0.000000    
