        14         6         2
 -2.6657147E-05 -6.3980821E-02 -0.9565056     -0.1459535     -0.1935663      0.1021790    
  1.5290053E-03 -3.7076728E-02 -0.1726726     -7.6151969E-03  0.9693581      0.1274821    
  9.1154906E-06 -7.7389182E-06 -4.2100286E-04  4.4790483E-06  6.8660432E-04 -3.1605147E-03
 -8.6506331E-05  9.9399870E-03  0.1376612      1.7025937E-02 -9.3344952E-02  0.9551930    
 -7.4377479E-05  2.8059596E-03  1.4231764E-02 -8.0766338E-04 -0.1051894      0.1986460    
  1.3913904E-04 -1.9239562E-03 -5.1378886E-03  6.0909346E-04  1.1285631E-02 -1.8214787E-02
 -0.7066323     -2.5811197E-04 -1.6580218E-04  1.2934968E-04  1.4662189E-03  3.4500266E-04
 -1.5680475E-04 -2.2797118E-02  0.1485102     -0.9884793      1.8122497E-02 -1.9365780E-03
 -0.7075791     -2.5949165E-04 -2.0278044E-04  9.0238758E-05  6.5093727E-04 -2.0208914E-04
 -3.1370393E-04  0.9969108     -6.6660403E-02 -3.2539452E-02  2.5665723E-02  2.3576372E-03
  6.1906075E-05 -8.3830071E-03 -9.7957621E-02 -1.4085051E-02  4.4308380E-02  0.1452454    
  2.1407703E-06  1.4747080E-04  2.5234725E-03  3.9779294E-04  1.1375063E-03  2.3174614E-03
 -6.4140078E-06  1.6142714E-04  7.2726913E-04  3.2183518E-05 -4.0974116E-03 -1.0234392E-03
 -6.1532025E-08  4.7207301E-08  2.8093055E-06 -1.6523458E-08 -4.2822886E-06  1.9554075E-05
* row names
 r_p
 r_t
 r_d
 dp
 dt
 dd
 acp
 aclp
 acs
 acls
 x0
 kmp
 kmt
 kmd
* column names
 eig1
 eig2
 eig3
 eig4
 eig5
 eig6
