  double point
           r_p    0.1000001228800000         1.000000         0.000000    
           r_t    6.8452276029999992E-02     1.000000         0.000000    
           r_d    4.4642739520000000E-02     1.000000         0.000000    
            dp    9.3999696000000000E-10     1.000000         0.000000    
            dt    1.0100086000000000E-09     1.000000         0.000000    
            dd    1.1299956999999998E-09     1.000000         0.000000    
           acp     1.010411658500000         1.000000         0.000000    
          aclp     1.004999998300000         1.000000         0.000000    
           acs     1.010411669000000         1.000000         0.000000    
          acls     1.000499997800000         1.000000         0.000000    
